60
80
60
40
52
60
04
36
10
60
3f
57
60
00
35
7c
01
00
00
00
00
00
00
00
00
00
00
00
00
00
00
00
00
00
00
00
00
00
00
00
00
00
00
00
00
90
04
63
ff
ff
ff
ff
16
80
63
10
03
e2
d2
14
60
44
57
5b
60
00
80
fd
5b
34
80
15
60
4f
57
60
00
80
fd
5b
50
60
6c
60
04
80
36
03
81
01
90
80
80
35
90
60
20
01
90
92
91
90
50
50
50
60
82
56
5b
60
40
51
80
82
81
52
60
20
01
91
50
50
60
40
51
80
91
03
90
f3
5b
60
00
91
90
50
56
00
a1
65
62
7a
7a
72
30
58
20
b2
d9
84
d9
22
8e
0c
fe
29
50
fb
67
58
0e
38
2f
88
e8
08
e7
bf
9b
e6
77
c7
9d
a2
84
26
a4
de
94
00
29